CREMA-D,CREMA-D,RAVDESS,RAVDESS,TESS,ИТОГО
female,male,female,male,female,
512,575,48,48,400,1583
600,671,96,96,400,1863
600,671,96,96,400,1863
600,671,96,96,400,1863
600,671,96,96,400,1863
600,671,96,96,400,1863
3512,3930,528,528,2400,10898
